1;15/1/2022 00:00:00;2,00;7,00;R$ 796,57
2;9/1/2022 00:00:00;6,00;4,00;R$ 448,83
3;21/1/2022 00:00:00;4,00;9,00;R$ 125,83
4;5/1/2022 00:00:00;5,00;9,00;R$ 162,91
5;4/1/2022 00:00:00;5,00;7,00;R$ 447,80
6;31/1/2022 00:00:00;4,00;11,00;R$ 104,87
7;1/1/2022 00:00:00;2,00;13,00;R$ 451,07
8;7/1/2022 00:00:00;3,00;5,00;R$ 934,83
9;10/1/2022 00:00:00;2,00;7,00;R$ 945,92
10;17/1/2022 00:00:00;1,00;10,00;R$ 166,17
11;22/1/2022 00:00:00;1,00;7,00;R$ 731,71
12;9/1/2022 00:00:00;1,00;2,00;R$ 613,70
13;26/1/2022 00:00:00;1,00;2,00;R$ 1346,46
14;7/1/2022 00:00:00;6,00;4,00;R$ 123,53
15;12/1/2022 00:00:00;4,00;15,00;R$ 718,18
16;27/2/2022 00:00:00;5,00;12,00;R$ 599,64
17;2/2/2022 00:00:00;3,00;9,00;R$ 87,35
18;20/2/2022 00:00:00;1,00;1,00;R$ 514,92
19;12/2/2022 00:00:00;2,00;6,00;R$ 442,64
20;27/2/2022 00:00:00;2,00;5,00;R$ 547,67
6;9/2/2022 00:00:00;6,00;3,00;R$ 722,42
7;28/2/2022 00:00:00;4,00;14,00;R$ 1027,43
8;17/2/2022 00:00:00;5,00;1,00;R$ 782,03
9;1/2/2022 00:00:00;2,00;1,00;R$ 1260,60
10;19/2/2022 00:00:00;5,00;2,00;R$ 269,05
11;8/2/2022 00:00:00;6,00;7,00;R$ 317,94
12;12/2/2022 00:00:00;2,00;4,00;R$ 1044,23
13;3/2/2022 00:00:00;1,00;13,00;R$ 527,70
14;9/2/2022 00:00:00;5,00;1,00;R$ 730,98
15;7/2/2022 00:00:00;5,00;13,00;R$ 528,08
1;7/3/2022 00:00:00;4,00;2,00;R$ 608,99
2;13/3/2022 00:00:00;5,00;3,00;R$ 1091,73
3;27/3/2022 00:00:00;3,00;3,00;R$ 428,70
4;1/3/2022 00:00:00;2,00;2,00;R$ 738,65
5;28/3/2022 00:00:00;3,00;12,00;R$ 1002,53
6;20/3/2022 00:00:00;2,00;8,00;R$ 402,47
7;27/3/2022 00:00:00;3,00;12,00;R$ 636,52
8;19/3/2022 00:00:00;4,00;7,00;R$ 320,47
9;16/3/2022 00:00:00;1,00;11,00;R$ 567,59
10;14/3/2022 00:00:00;2,00;5,00;R$ 791,68
11;10/3/2022 00:00:00;6,00;4,00;R$ 345,20
12;19/3/2022 00:00:00;1,00;6,00;R$ 797,32
13;27/3/2022 00:00:00;1,00;9,00;R$ 431,22
14;8/3/2022 00:00:00;2,00;3,00;R$ 699,54
15;30/3/2022 00:00:00;1,00;4,00;R$ 33,20


