1;27/2/2022 00:00:00;5,00;12,00;R$ 599,64
2;2/2/2022 00:00:00;3,00;9,00;R$ 87,35
3;20/2/2022 00:00:00;1,00;1,00;R$ 514,92
4;12/2/2022 00:00:00;2,00;6,00;R$ 442,64
5;27/2/2022 00:00:00;2,00;5,00;R$ 547,67
6;9/2/2022 00:00:00;6,00;3,00;R$ 722,42
7;28/2/2022 00:00:00;4,00;14,00;R$ 1027,43
8;17/2/2022 00:00:00;5,00;1,00;R$ 782,03
9;1/2/2022 00:00:00;2,00;1,00;R$ 1260,60
10;19/2/2022 00:00:00;5,00;2,00;R$ 269,05
11;8/2/2022 00:00:00;6,00;7,00;R$ 317,94
12;12/2/2022 00:00:00;2,00;4,00;R$ 1044,23
13;3/2/2022 00:00:00;1,00;13,00;R$ 527,70
14;9/2/2022 00:00:00;5,00;1,00;R$ 730,98
15;7/2/2022 00:00:00;5,00;13,00;R$ 528,08
