1;15/1/2022 00:00:00;2,00;7,00;R$ 796,57
2;9/1/2022 00:00:00;6,00;4,00;R$ 448,83
3;21/1/2022 00:00:00;4,00;9,00;R$ 125,83
4;5/1/2022 00:00:00;5,00;9,00;R$ 162,91
5;4/1/2022 00:00:00;5,00;7,00;R$ 447,80
6;31/1/2022 00:00:00;4,00;11,00;R$ 104,87
7;1/1/2022 00:00:00;2,00;13,00;R$ 451,07
8;7/1/2022 00:00:00;3,00;5,00;R$ 934,83
9;10/1/2022 00:00:00;2,00;7,00;R$ 945,92
10;17/1/2022 00:00:00;1,00;10,00;R$ 166,17
11;22/1/2022 00:00:00;1,00;7,00;R$ 731,71
12;9/1/2022 00:00:00;1,00;2,00;R$ 613,70
13;26/1/2022 00:00:00;1,00;2,00;R$ 1346,46
14;7/1/2022 00:00:00;6,00;4,00;R$ 123,53
15;12/1/2022 00:00:00;4,00;15,00;R$ 718,18
