1;7/3/2022 00:00:00;4,00;2,00;R$ 608,99
2;13/3/2022 00:00:00;5,00;3,00;R$ 1091,73
3;27/3/2022 00:00:00;3,00;3,00;R$ 428,70
4;1/3/2022 00:00:00;2,00;2,00;R$ 738,65
5;28/3/2022 00:00:00;3,00;12,00;R$ 1002,53
6;20/3/2022 00:00:00;2,00;8,00;R$ 402,47
7;27/3/2022 00:00:00;3,00;12,00;R$ 636,52
8;19/3/2022 00:00:00;4,00;7,00;R$ 320,47
9;16/3/2022 00:00:00;1,00;11,00;R$ 567,59
10;14/3/2022 00:00:00;2,00;5,00;R$ 791,68
11;10/3/2022 00:00:00;6,00;4,00;R$ 345,20
12;19/3/2022 00:00:00;1,00;6,00;R$ 797,32
13;27/3/2022 00:00:00;1,00;9,00;R$ 431,22
14;8/3/2022 00:00:00;2,00;3,00;R$ 699,54
15;30/3/2022 00:00:00;1,00;4,00;R$ 33,20
